-2.717590849901496,1.133353134808509,0.3928078672214975,-0.1993274427906829,0.7143989838393926,0.7550996841541548,0.6749320194473617,0.6272860038054028,-0.9141797631598212,0.5480841341233571,0.5476319324743972,-1.02685847721804,-0.8294354136860044,-1.124448205724747,0.3317538044524384,-1.706709544235966,-1.246000456695078,0.3791979528627928,0.9669300528769206,-1.021269980834833,0.3113661928637805,-1.337659569863071,-0.3418019435543683,-2.129832624743599,0.3236313569074824,1.018063305774463
-3.928280879156477,-1.276523904156249,0.6940292396413835,0.65205924674086,0.4789516104129621,0.7606945872377558,0.9210125119620892,-1.3122280651492,0.6582648726290995,0.5646960327940119,0.544241408683371,0.6352929428134723,0.5843005505150095,-1.170381729057358,-1.536400591307728,-2.23400973699184,-1.324594984373055,0.5741736040310154,-0.8375373495645763,0.341734383154965,0.3252106191848446,1.270003113982071,-1.46774052472109,0.03899747785950106,-0.01744243332848485,-0.8451264841006464
-3.308939406654253,-1.171189175310714,0.8934744838140226,-1.666165516427019,-1.403436968843106,-0.9240709744689831,0.7529857180595166,0.344282747338917,-0.9761137858726152,-0.9989856198156527,1.63589157137751,-0.4323535592770865,-0.6153055019906393,0.4544465441398464,-1.945752875865246,-0.5553972009688302,0.1788343834888567,1.219588665713588,1.040879098735134,0.8725780328638352,-1.848457910513959,0.7059015836352871,0.6982138222225807,0.01231343635298725,-0.3972701384897681,1.035175356677373
-2.933660110320374,0.6313044327342821,1.006305100323811,0.9824158875828994,-1.45609458008623,-1.170774334011447,-1.402101325149137,1.085731104946878,0.905196801419603,-1.277147330011154,-1.454131099779092,-0.003594822253196527,0.6540063483770198,0.6460310341775685,0.80533585257549,0.1490986322831034,0.947249683491488,-1.40293254623889,-0.871215584176868,-0.9737388853617834,-1.685305292400599,-0.9527092643865709,0.3619261759073839,0.1991281859345583,-0.9896723038772702,-0.8059668916384035
-4.356553071178242,-1.766791762676708,-1.938314280363909,0.2791339275635285,0.5041834229310608,0.4698496935699722,0.5682553977491428,0.6702783536357503,1.06797912058416,0.7843459540994822,0.6459335307711873,-1.327432283959066,-1.881709570425281,-1.357121998972389,0.9431880957606303,0.7243340168635445,0.9405507418204537,0.4677817270766532,-0.9297302332527225,0.5706579473034918,0.5059968546323005,-1.766210457498456,-1.666735906476076,0.3936832273572321,0.5981137017891757,-0.9079995032338016
-3.73989103356361,0.9109399515428889,-1.775760037952364,-1.554882013994363,-0.7955204940022235,-0.9913039762439521,0.8179645768080909,0.341824600777836,-1.163736738032586,-0.8160559968996643,-0.8772501355815235,0.5090386580694283,-1.540253963435692,0.5419562965448024,0.7276293313808971,0.5052169348563589,0.5889110599501036,-1.583031934314409,0.861643381190188,0.04387510918070856,0.4661815773107375,-1.522554939998863,0.4956558347380155,0.2324276409056715,0.5682267383632611,1.197702499959654
-1.83225190533973,1.130826514770267,0.4519158671138858,-1.165275207695507,-0.9591963174802954,-0.8804720025093834,-1.159845216660353,-1.141304045799713,-0.6208348008379608,1.030048544839532,-1.278510991164928,0.4639919215652136,-1.39229421297451,-1.506913499173437,0.4931413872449988,0.3590307381608281,-1.132949967597038,0.9845025207008903,-0.8364962976590619,-1.244625660818111,0.3713919406949922,0.8104692369467746,0.9603948889815382,0.1947231286237669,-1.308900527933806,1.071121905054166
-2.758820266695496,-1.142978282967182,0.4364444246184265,-0.5843783538854366,-1.454939855571291,1.267127164373194,-1.290074673116071,0.1761289125999863,-1.09232158601453,-1.496556280526107,0.5288484016023475,1.202734272015521,1.199819945024769,0.2903932985159345,0.4835546176219686,-0.6411419972086335,-1.492669803918978,-1.743196036907599,0.05702143983741757,-0.7249593998536512,0.875472326237079,0.7863732073744722,-1.309858858730295,-0.01226473817905603,0.2720723008625367,1.192022732082826
-4.583869637625629,-1.542511899991774,0.6297894541614236,0.9803385683771774,1.209900548157229,-0.9589830943116279,0.798367988649626,0.2292259103362346,-0.7364835510953222,-1.281794185638735,-1.830226526201228,-1.10290349604274,-1.309403450897943,0.5546857899637562,0.416266882551216,0.1901168266206686,0.9443431428277103,0.1137748250077348,1.180618463496392,-1.338731889567046,0.6130001191007516,1.217252803739266,-1.67845318102643,0.09784038465910275,-0.3207456213490955,0.7299728729179871
-4.205074110799644,-1.346109771930483,0.8528391444918253,-1.297983997313861,0.8103562794015003,0.699339578021123,-0.7543728860469953,-1.12293334196064,0.922269051641486,0.9107609123923617,0.4420417855293911,-1.333536361169004,0.2920476054183574,0.9441810001866732,-1.388198161871706,0.4260906011082702,1.051923320559286,-1.291416484171802,-0.6206816917084903,-1.616729228339755,-1.160808998557096,1.105413496423349,0.749944262419646,-0.1003138449881864,0.5200545853973652,-0.7375756847975629
-3.287654786154553,0.8618330552032339,0.6462916851306078,0.3335285451783196,0.4822293054944167,-1.68194347428018,-1.263320779825472,-1.590197821050837,1.000236065783969,-1.124028839585484,0.9667202583766129,-0.9392163120848392,0.3391785027508931,0.5681586507824165,0.1588008711151437,0.4083905474674452,-1.638996303919723,1.261976214550595,-0.5681148677154483,-1.771422795155158,1.382578301844151,-1.777492468923815,-1.593490602285511,0.08892301642580785,0.951532958889138,-0.8756245630886056
-3.241030997436353,-1.328356018060601,-1.59172176834023,0.9535440329393041,0.07560034635433527,0.8632947463326609,-0.08263503161107921,0.3524756368649334,-1.584946032228176,1.069627305651496,-1.169524800445433,1.184787631260414,-1.341106227799112,0.6686704111444588,-1.351029632645565,0.2103455122867513,0.4162532754861675,-1.247831763557831,-0.7141182047240583,0.6897776263106208,0.4986476187165714,1.129090082462265,0.8203838751072132,0.1964879792740625,-1.846741524562393,-1.16064968991001
-2.97633194432087,0.6479675426127764,-1.022340515518284,0.4148566690738209,-1.040049360309483,1.320577214068316,0.7783950114363889,0.675857712481865,0.8504729556497861,-1.412087734599362,-1.009725687633043,-1.548966275789916,0.9172186227075435,0.3800516361005757,-1.390112798335493,0.3929184796787871,0.4149330022318302,-0.1676365664591412,-0.9291539331361627,0.2667258973970984,0.7609233492062258,-0.6960748189186314,0.5029799113019066,-2.939470031340943,0.4428983303511874,-0.7166329810114337
-4.018847788177315,-0.9757541375886752,0.3840924145595482,0.5164037363377773,0.8103911786443813,-1.253861416606458,-1.415892542082114,0.6922131848387852,-1.356742540126187,1.070940953417245,0.7193897719016542,-1.141127849152404,0.9023608394322808,0.4069957110757741,0.9218936277547819,0.4949363338171904,-0.9288381468671676,0.7306298353894254,-0.6630249621696246,1.545012479492741,-1.601881762094989,0.9651624243065091,-1.181614252393383,-0.3433757987920418,-2.007316299761691,-0.9488189746681019
-2.815284434277646,1.186000372305127,-1.540837751921049,-1.647298553936638,0.7586088457634791,1.203422952196528,-1.363621706742281,-1.22442776551351,0.4051454242348701,-1.215597471917847,1.055917417164534,0.9322455195840207,0.4475730715121907,-1.645373754010723,0.862406619693102,0.3333282374523186,-0.9381097106133395,-1.109452584481716,-0.6252870851774291,1.270826432861594,-1.29098146835813,-1.174284266933227,0.4576047749413557,0.1034082362746244,0.3215217678416025,-0.7266316810851925
-2.319757597967177,0.8507910192978633,-1.150238944422896,0.6524431241876769,-0.9012501411509792,-1.593044035632054,0.3871904704104029,-1.542428893053098,0.4587629632367944,0.6948274690641227,-1.24520443993299,0.8971363184826288,0.8202681370824031,-1.334241856641365,-1.18726463530282,-1.694149210408818,0.2357722046645992,0.8819020547131011,1.485922016039765,0.2969778588969894,-0.7650791851121879,-1.135723681140874,0.4826780104066892,0.2917162592025866,0.01136970596635768,-0.6731544903593331
